source_id _x _y pmRA pmDE Plx e_pmRA e_pmDE e_Plx Gmag BP_RP RUWE
163635200258805760 2.4502539304385365 3.291560162420483 -9.711008180090626 -24.10728369285293 4.906306258892633 0.04693394 0.026104447 0.03221982 10.374157 0.8584881 1.4830039
65264673762670080 -0.7249762220380933 0.0716407548475613 20.25163895267666 -45.90457503095468 7.841224461094723 0.13259494 0.10255171 0.12864085 17.92541 3.2961884 1.003561
70182896649961088 -1.3745500467325278 1.953664018679111 -37.52992979395896 -15.552732267247972 10.95388426058238 0.05041389 0.039531548 0.049161065 15.67065 2.88558 1.1358565
69474123966166400 -2.6343870604818727 1.830637144669156 -86.5300933616091 19.41898071060547 15.980185580534032 0.030614708 0.02988553 0.02414021 13.740466 2.680173 1.2488872
63266865431451008 -0.0456307595388487 -3.5219849822974294 19.25681006804501 -18.30320800050736 5.047169535527222 0.024206078 0.01739501 0.020814242 10.046673 0.699502 0.95329994
70978148497758848 -1.0345997820373642 2.4475890407458447 -14.522711200726896 -38.467978726856046 11.926851037423477 0.18917356 0.13635194 0.14932814 17.87173 3.6615467 1.0236237
65183447341528320 -0.5606925003899523 -0.5344534042556675 -0.1671341017518939 -15.38603676314082 5.356795728337118 0.024722274 0.015150015 0.017534519 13.641666 1.5853558 1.0971322
64873045759681792 -0.3104927368866291 -0.9975190306631728 19.617114088918505 -45.24672365607152 7.188618772515743 0.5005572 0.31478438 0.44927102 19.374132 3.203205 1.1024445
64384244123439872 -0.7561865123927881 -1.934230704423608 19.451299150041617 -22.80796886846706 5.519816624375495 0.27207685 0.16747011 0.25125208 18.669949 3.3452377 0.9364996
167831658185522560 0.6932813789394254 4.962156885370632 15.396743382810108 -9.88431190797224 5.569988670768426 0.07166324 0.040186346 0.0640625 16.169062 2.4911442 0.9738555
70575795961563392 1.7643697293725205 3.311346708180505 23.09099593993118 -14.95760906843516 4.538370878340196 0.5492618 0.41195866 0.47699702 19.675194 2.8074265 1.0959387
63695778046754560 0.9443073420232644 -2.70306888475514 19.194813057161397 -32.63327942624029 5.74509007875912 0.10217396 0.062721334 0.07991683 17.00283 3.153676 1.0358735
68681204284006912 -4.237372999833359 -0.6493034051265894 130.28766012736713 -19.187460193825256 6.345197158268559 0.10947999 0.08572554 0.10055968 16.24588 2.848053 1.5842179
163749618189309440 3.0888060168920752 3.6572938742226366 19.71742413123503 -10.981167512237327 5.705670448560937 0.5885957 0.3580956 0.5162562 14.186936 0.9525385 23.791676
65027664584274560 -1.0046270282302288 -1.2339269044049936 32.18694167894819 -2.1026445988044244 4.810554276726471 0.02251275 0.014844357 0.016891345 10.609984 0.78035355 1.1070999
65779971056668032 2.548616782336964 -0.1424621459451067 19.65113593879149 -48.10405501535265 7.7564569906051215 0.09086788 0.048848797 0.065798804 16.605007 3.0123434 1.0044092
64888301484056704 0.3148749142892371 -1.1864638591679817 -3.747890588344464 -9.06346320117714 4.585384062571909 0.13022709 0.0667568 0.090130955 16.661514 nan 0.88139385
65371399407749760 2.624308635908528 -1.1642176971011462 153.08761639986247 9.202721913065838 28.4174539167807 0.021094605 0.01370246 0.019216016 8.645234 1.1082249 1.0670162
58187946345498624 -1.954543467862278 -3.2529069896063123 18.675870852033334 -75.631670834441 4.008322585229036 0.023016416 0.017640734 0.019644031 13.681195 1.3681803 1.0636681
69854348831573504 0.1125156070594006 1.1319569792558573 19.37996475282249 -43.662358221933445 7.177210726519302 0.036323443 0.026946051 0.033257093 15.038713 2.4484262 1.0530971
69005216616698880 -4.489859037088872 0.562948647601026 23.501387458925187 -5.796013003045158 5.647920979767814 0.045218278 0.032368794 0.037067547 14.90116 2.1321392 1.0382951
61791973662635008 -4.275624086171915 -1.7461199075248577 53.1528488322124 -33.69663677639956 4.951501271932504 0.08507238 0.085788175 0.06888004 16.077852 2.5976257 1.1905881
64454715946441344 -1.067634126180962 -1.593905655492634 -4.849949593206026 -19.484412778264407 4.737189358602685 0.10908276 0.06854232 0.08597781 16.944412 2.6307764 1.0568198
68769508811429760 -4.666070465352359 -0.133322927825635 44.66533962809764 -19.202654869048448 7.300245774597996 0.033748034 0.026724128 0.029621452 15.083491 2.5061283 1.0420692
166972286766408832 1.6390645834570057 4.515670291148846 -3.905409422971815 -211.324950586938 4.46859637812718 0.39084685 0.2535732 0.36243853 19.373531 2.2791595 0.9455621
163560811425460992 2.596055808951708 2.9002103811354383 -11.775079489727595 0.1625882558142105 5.621170473773934 0.02039176 0.013795809 0.018009245 10.560498 0.82689095 1.052621
71075459573380992 -0.8529139008322768 2.6576705282037203 66.36687574033158 -63.22364403639794 5.157643819582656 0.044632085 0.036392663 0.04391065 14.558073 2.1934433 1.5558386
51524184327235968 1.776034795284195 -3.65570932904984 -14.34630614262104 -6.912097660608776 4.820098986385345 0.02700292 0.016245332 0.02259978 14.3903885 1.832202 1.1031467
69423542135264896 -2.002272533267055 1.6575739950582549 3.304940203306599 -10.01841221837647 4.290520489384467 0.52136374 0.3649602 0.4030555 19.426575 0.29650497 1.0120655
66937859881182848 0.815006945454861 1.2876770990387896 18.295871155539142 -44.85428144367233 7.01616625251663 0.06648443 0.04923834 0.060382336 12.781891 1.7534046 2.8889759
70571814530382464 1.927580037674042 3.260965179287723 -1.105595485778679 -7.843387706998963 4.226684225771206 0.041503195 0.029439803 0.037501782 14.845899 1.8100061 1.0893526
64068924806095232 0.9487355171615868 -1.555277819695567 -9.149606096187522 -31.03402966750804 7.714405572676729 0.05220721 0.028867275 0.039505094 15.520518 2.5339203 0.9527862
65860643424977536 2.3330416798793387 0.4361146835005707 6.990045239337305 -34.24043281313109 4.507116919167919 0.17663127 0.1364355 0.18360351 18.18847 2.9676132 0.9935273
66596972618024192 1.6029666228471005 0.3113367924951535 34.30955032343824 -35.03120993162039 4.879952178990225 0.18916722 0.111242376 0.14701326 18.048822 2.8562832 1.0514141
53271720620685312 2.6848038168449366 -2.2566851934128023 -10.205333428178438 -7.265780911506855 6.0505396171776376 0.13572131 0.08900199 0.11602278 11.909331 1.1495113 8.245918
65029550073165184 -0.797488363075404 -1.256918431161535 19.86916964413539 -43.85270261842145 7.423268314851199 0.19515191 0.14677067 0.14914918 18.108326 3.4207592 0.9572704
51270884335699840 2.7029739040184277 -4.081448888225448 -16.88810357315404 -46.518137843436165 6.8246429789255 0.041143183 0.023856297 0.03356117 15.300999 2.4227037 1.0706517
69755255345818624 -3.219419023146106 2.483077746000895 70.62941273478683 -35.85266466364227 6.113193296450024 0.036750145 0.029175479 0.031702735 15.071596 2.1559067 0.96963006
70168976659836288 -1.0623450812702528 1.798030517580042 17.98775775122456 -45.28512927264623 6.172331940075964 0.5233466 0.3814685 0.48180825 19.426508 3.1943493 1.0627422
64746876802129920 -0.2959227243329961 -1.8208534976930608 42.16284358736764 -46.95329939305626 5.152373613101815 0.10578116 0.08204242 0.0884549 9.040839 0.66421986 4.1174192
66367419503725440 3.359919578187447 1.1290032978703368 20.77243324439737 -19.243572813988827 6.5761208916836775 0.044559643 0.029464753 0.04024126 15.789037 2.5415964 1.0390877
66695688147432832 1.480245208381889 0.8565441565136999 19.220914096946395 -46.55892535458558 7.418578701587108 0.2634757 0.18925367 0.23560652 18.756567 3.568451 0.9780595
64989490915460608 0.4080996798083357 -0.606468277360605 19.7071210125859 -44.53956232297974 7.318953310037485 0.020182494 0.0153440535 0.019202262 13.712051 1.8174419 1.0550884
71045188643681792 -1.5879720720110453 2.772080434195705 -1.2452235556118278 -1.0350454388440584 4.316171832050982 0.13439777 0.093957886 0.11877599 13.953583 1.7392578 5.0552545
69794528526747136 -3.080922717729664 2.8999604704264934 22.37363688904372 -48.0915787813064 7.814740624052498 0.22909659 0.18473096 0.20361699 18.395054 3.6527958 1.05269
51034351895927936 0.1289865428825129 -4.541485831612557 -10.07549584463974 7.391966883112552 7.53521468571164 0.043407656 0.028168483 0.03484795 15.430257 2.449026 1.0255035
50890350233399808 1.451589069388241 -4.671270899958568 -10.550892427330146 -10.803932906722771 4.092271338625894 0.0393518 0.025054034 0.034554552 14.943973 1.9061708 1.0414362
69829541100441600 -0.5570209525716873 0.8807666213186163 21.268953201729552 -45.12454657473461 7.489878731778486 0.049868528 0.031848103 0.03582036 15.050903 2.4658098 1.0688877
70760105895339264 0.3822005923118688 3.399763646328926 12.151258791085588 -29.377831421186627 5.696042434520541 0.08537418 0.05504354 0.059443343 16.204374 2.4583015 0.9147825
65881847681762432 3.671499533856629 -0.3324688639727924 -1.3456033686429951 -11.656253813814772 4.027780886896985 0.19695157 0.12282979 0.16377246 18.388102 3.036192 0.9851386
51304178922558464 1.9526983246742744 -4.155109361863265 0.5473010319339195 -39.93507553619899 4.839361431927749 0.11528303 0.086105935 0.1014233 17.496078 2.706705 0.96467185
66314780382507520 3.540155691439299 0.9939425214293072 -20.950423825610866 -16.4418934053293 4.806205736144432 0.4708197 0.30490124 0.41752893 19.690771 2.7640038 1.0162691
66481734354737792 1.1474918522941266 -0.2196292909611616 19.113518113426856 -46.862222868873786 7.370803781679368 0.020081712 0.012158865 0.018221663 13.465058 1.7394867 1.0155
64227666795353984 -1.0863917169310482 -2.6409229800185807 24.73817870404184 -25.406078971188467 4.149509831327266 0.1237546 0.088905744 0.10503768 13.933022 1.7666521 6.149113
163282634983879808 3.523030158882755 2.293815180587414 14.665122570002357 2.9463597148254714 4.003004915305326 0.06100509 0.04098838 0.055040017 16.260914 2.4752235 1.0514706
58514054622054528 -2.838403658843402 -2.5734151824152973 20.676105332879224 17.06245560278649 6.062591405303044 0.083907455 0.073322274 0.075893804 16.708513 2.8041143 1.1185951
69704643451409792 -2.6042884395147463 2.2868892028837955 20.758934856325293 -45.31068495132085 7.378745244155373 0.08391572 0.06712412 0.064955086 16.654419 2.9518929 1.0230062
65897000325965568 3.4945481441749577 -0.2311379582194013 78.38603025377593 -56.082918745598505 7.686703647497914 0.02172124 0.014466475 0.020123525 11.752102 1.2233648 1.1534662
64360432824457088 -0.6915897522566877 -2.13552407366786 16.115534658741637 -37.768313337144185 5.683576921547679 0.019134365 0.0137955 0.018740637 11.686229 1.1126375 1.0694119
64715398985972224 -1.40493276560282 -1.145486118518966 0.6144875630400357 5.291404960710773 4.259985611483262 0.15585952 0.11876344 0.13464089 17.827974 3.0045662 1.0585687
71576115320945664 -0.3951625479492304 3.789454184994876 -47.30596792632576 -75.67983013297456 16.65860349128868 0.024312185 0.017274419 0.025129218 6.657615 0.53236437 0.8992735
67374022399524352 1.155639167340831 1.9714249711878469 48.22231115939046 8.552376735729249 4.823144903736013 0.02164559 0.011661238 0.014809082 13.149 1.3851471 1.0312582
70138881825295872 -0.4413421876879913 1.929481153221248 20.43901888057566 -49.06170570056853 8.071197588233643 0.16169818 0.09265481 0.14966023 15.114527 nan 1.3686229
68425013778815872 -2.233431834059486 0.2445066886650555 14.061117074838656 -41.66298927516889 4.943992828544327 0.182583 0.120429665 0.1940101 18.067358 2.8129578 0.97394234
68541802528921216 -1.507543523117193 0.6638242139766575 42.47883636107434 2.5696823306500085 5.179316357657006 0.58660835 0.5390815 0.5934397 19.912838 2.5559158 1.0522095
52979418028662272 3.969918587222741 -2.6303865941790496 50.76210584940876 -34.297403643854175 4.613356304262262 0.48321575 0.27353126 0.39132804 19.425112 0.13707352 1.1142813
162431643045765248 4.107768705886965 1.585926925758898 -26.203669405886103 -38.452087838312615 5.74344758377871 0.55988866 0.28510612 0.49142268 19.517313 3.07691 1.0634879
53278626928222208 2.840505714306954 -2.1570019060100094 8.480867196150065 -10.924741104443155 4.468578624744572 0.05576023 0.03606133 0.06251242 16.18149 2.6871138 0.9839813
67690544307335680 -2.9785745024075965 -0.962754439376094 -29.18318140385561 -36.804029514380126 9.405930654798258 0.041023478 0.027962642 0.029659363 14.907171 2.3721266 1.0524995
53271720620685056 2.685306785041609 -2.2557683725743365 -11.708588300836864 -6.763969205128965 5.398482247767391 0.28013673 0.14160292 0.13944657 17.366943 2.1172304 1.0782932
70345104677737600 -0.0297787349118843 2.8013825293691097 46.695289510594165 -41.07076824739824 6.112027090609642 0.022614319 0.012594992 0.015776925 12.281449 1.209692 0.9942137
67733047303597312 -1.8377317264382504 -0.9325768925758948 -13.847368505811756 -2.842949470870965 7.997302706321537 0.05648271 0.041638486 0.048268534 16.152996 2.6302748 1.0150625
71106933093633536 -0.9780527986767192 3.095486639893421 23.64312959038313 -5.713266223382752 4.075709724388537 0.11123477 0.07958142 0.09246517 17.118286 2.6329336 1.0595841
65217222966811264 -0.0214558428184971 -0.1299855515461465 19.0351746770752 -43.87898685857528 7.590686889973629 0.23392755 0.18701506 0.22254379 18.16214 2.987852 1.0145491
50912542327297920 1.714256228171698 -4.55977775478746 -26.09520560332384 10.16786364587037 4.611164495303078 0.1956349 0.12140462 0.16970015 18.071915 2.8921585 0.9409419
64232752036658432 -1.4528679795660226 -2.723919433377462 42.45098182456762 -26.597200019432663 8.119102098969162 0.050772116 0.037190482 0.050440285 15.709441 2.5066586 1.0981073
57320053713676032 -1.4171221276061896 -4.206771009198178 -25.39059015971285 -7.533767045680171 5.719068139066377 0.096381195 0.08202348 0.078635365 17.015776 2.8182592 0.9961584
71836111165260416 -0.7422522188744645 4.59052662403245 68.32799142622414 -114.61987041453982 5.885687703619437 0.18357958 0.13156104 0.15092762 17.598629 3.2117882 0.9595074
67639210858247040 -3.1670539428403144 -1.401635002813128 17.98976666600979 11.171684006813612 5.175202638463699 0.10968204 0.077426724 0.09806957 17.193281 2.90242 1.0446268
51279646068945408 2.8462201179939446 -3.923643430197519 30.360259742107218 -34.866768617295214 5.724501544765527 0.43346062 0.22086649 0.30584946 19.129389 3.0733776 1.0222403
66551686483467904 0.8185433823273128 0.0846372291502932 19.92888791242963 -43.61824072889623 7.205215857775971 0.1466905 0.09805822 0.117894374 17.795551 3.351303 1.0355865
51590120663022976 1.5162755309620777 -3.429622801587195 76.10303238869575 -38.986102457949926 6.231912079123647 0.07236843 0.04594481 0.057299383 11.360729 1.010253 2.7777257
63998899657956608 0.072520851073371 -1.856732057872607 -26.51289421592952 -18.86715927457804 5.780607375484929 0.16509064 0.1826058 0.1406647 17.736736 nan 0.8658839
63289920816208768 -0.0188574859015883 -3.2377387407590046 20.26118055272181 -44.14982886757803 7.33271113773573 0.026612338 0.018591544 0.021578562 11.310213 1.0420599 1.2028999
51750748145042176 2.0162279406364862 -2.5824502184428733 20.83787039393524 -49.02386920748215 7.7338647880270175 0.13257885 0.08274556 0.116306484 17.599648 3.3178883 0.9937293
68088258279063936 -2.9552760214076312 0.1177679151456578 -6.273943246344335 -9.119499068911235 4.770811205032021 0.09714875 0.086068474 0.084803626 17.14194 2.1622734 0.85774964
64490342699512832 -2.349127704303863 -2.2049932903353406 30.377076509923512 -31.29542462451713 7.563503659874241 0.2373013 0.15824355 0.1989388 18.417286 3.5835361 0.9917099
53402356346208256 3.884218545938439 -1.3101480889224872 21.96107558139763 -24.636037182775745 4.71594434928611 0.17329521 0.09764151 0.12966298 17.671282 3.1674995 1.0480202
66714418501518848 0.2478661917057436 0.000463557963 20.936026699698907 -44.53787427995938 7.311236732528621 0.1294728 0.08944689 0.095931165 16.843014 2.087882 0.9165302
66303647829466880 3.6767436942327354 0.979800633927973 -3.195971006613457 -14.640395659992222 4.17890286761152 0.106018424 0.070848405 0.09736472 12.914902 1.1813354 5.9588313
66733763034205696 0.1669451888008156 0.1928520126780463 21.055021775947186 -47.460814017984816 7.383106353077731 0.07287903 0.052208103 0.05705579 15.690887 2.7416039 1.1348422
70784638748490624 0.3681994406950933 3.626702531039748 57.9919039769684 -70.64775621132 4.21248351081646 0.04060922 0.0218241 0.023968002 11.720467 0.92186165 1.308807
71477124914657792 -1.7224549763570112 4.043622651463139 -2.880742637451164 -19.372209535779533 5.13437032428183 0.25278306 0.21003598 0.24000886 18.732307 3.280878 0.87241036
70939669887348736 -1.6403814306719813 2.0794962129613355 11.335685725176427 -21.39998002085867 4.385889903934976 0.118390985 0.094077416 0.14096148 12.972093 1.5677004 5.648883
70480555064791296 0.8789170436917341 2.7121715936938475 -12.405854154238613 -17.034049019853818 4.041360397350802 0.3110987 0.21170953 0.29857668 19.07627 2.9263268 1.0370675
53092328427534336 4.214586367270203 -2.1095400131797155 4.321221385309135 -14.819747273164788 8.360091496659821 0.019767832 0.010947302 0.0174258 13.089368 2.170785 1.107663
67876494915834880 -3.3850692232098503 -0.9126338982859018 24.83812653618032 -11.954749406914043 4.637911156663124 0.2960246 0.24940167 0.2570132 18.808064 3.2947407 1.0291841
64790170072406528 0.1316893429195306 -1.3959766147901962 30.750460321604574 -13.640709457992958 5.044583907626442 0.023129817 0.015813053 0.020211214 11.632899 0.9600382 1.0837016
64944170420647296 0.7291428181556922 -0.6574469494243808 20.770167835185354 -48.46166158266465 6.929722541761512 0.20185381 0.143899 0.1739673 13.602488 1.8905611 12.56627
66049351406747264 4.493970790369489 0.5295427477100676 63.74288380855374 -86.93731623499178 8.21608458571596 0.022552228 0.012815327 0.02062003 14.05882 2.0605736 1.0980768
69011981189721856 -4.31083581158389 0.6015829328910495 2.958423381321977 -11.812082740701488 5.323443191653386 0.07208777 0.04787361 0.062342733 16.247889 2.6629753 0.88775766
163481264333982208 3.7788684941755406 3.241671384670734 -6.473489000069455 12.667404559609444 4.092392766981346 0.11352991 0.07156522 0.09901486 17.454021 2.582983 1.0771472
51288373442522880 2.523457908488493 -3.93911858252416 10.270658893208145 -16.550086840893282 4.20614487035628 0.13648286 0.07449604 0.10396979 17.337557 2.7583504 0.98694605
65783029073414144 2.2642837304864045 -0.1297944804264849 18.991027601357587 -46.59379000993002 7.444990183139546 0.035082318 0.021175466 0.026032036 14.732029 2.3377056 1.073541
66802276352348416 -0.2735359751526127 0.4724091761036437 20.809393414603463 -44.70206664623241 7.521436338801172 0.03309192 0.017603824 0.020496517 13.399992 1.7045574 1.0836426
70802226637418496 1.153037176117455 3.4661076037591405 31.18071151503801 -0.2146300135553336 4.993188331523547 0.48178902 0.43289363 0.5620195 19.784575 0.22301292 1.0488555
68452265347345664 -2.0387866234648198 0.4695459465441681 21.86722337948649 -47.38561218246143 7.6843995450564755 0.07139313 0.05494059 0.057075754 16.482616 2.9600992 1.0397055
70079473837613696 0.3642880166063535 2.264792646807408 19.46945640014233 -25.350189226573065 5.459671525172419 0.11197892 0.06998721 0.08616242 16.755768 2.7235432 1.1177704
71226092666088704 -1.9761220111307995 2.87835384335774 19.00831797861473 -45.4934190130901 5.245126228159993 0.0792432 0.06061964 0.06453036 13.528438 1.3962002 3.5026999
65775195052996608 2.745834285157658 -0.0684622744484864 19.664738605534893 -45.62571034716192 7.477131647479549 0.09301925 0.04813535 0.07620309 16.437164 3.0067682 1.097115
119350101706291712 -2.903526612726873 3.342341168395966 -23.393741178921047 -15.052849997404833 13.35733025882884 0.14216281 0.094038464 0.11620375 17.117887 3.3381052 0.7685846
65503306444025984 3.117893028300214 -0.6613586356964943 37.033751984635856 -49.88288111255512 5.112833273814337 0.021476265 0.011472594 0.016741052 11.6817665 1.0676861 1.0497382
66028804283148032 3.9466810150913134 0.2562245640426106 -10.310048517571984 5.593967161916417 7.180176880838932 0.08242378 0.043365523 0.06725842 16.447592 2.8070974 0.9547005
53026044196885760 3.735577668820291 -2.5060704777141667 9.443304924113653 -30.818332380866185 4.324476975976676 0.015603228 0.00944518 0.013502457 12.282365 1.0996599 0.98980683
64021439645934848 0.2371963112685297 -1.7645912568126667 39.709601354122015 -67.2578011061488 11.713480916120632 0.02868197 0.023840468 0.025905782 14.441639 2.64118 1.1736218
70988288917158016 -1.3757618664956273 2.532579559954405 40.1407947315312 -23.264604780449204 5.546056357005277 0.024201345 0.013551073 0.018110238 12.67676 1.2958221 0.9426373
58300818085948160 -3.311905226139788 -3.6248598695967456 94.04003723756044 -56.67775371769535 6.511650340676981 0.068438455 0.053858608 0.06956627 16.521713 2.8147879 1.0096598
51212026103928832 0.7708899900704269 -3.793500184906552 25.45237381725503 -67.75751543947258 10.92326169236234 0.01988488 0.012515641 0.0156081775 12.968334 1.9064426 0.90360296
64999558318784768 0.4183431132002944 -0.480241811312373 20.121801104173304 -45.97765650888577 7.437404133116667 0.06002424 0.048582457 0.05842575 15.923727 2.796442 1.0796728
65674383581036800 1.251620243255817 -0.8134526593710345 18.71857105545529 -46.02887604433456 7.35529316322418 0.042373694 0.024966475 0.034577947 15.41097 2.6311836 0.9858418
61557468448004224 -3.339520847535634 -2.08731798277249 62.57404020244725 29.8965441893954 20.531398914944376 0.020354468 0.016190173 0.018791065 13.806926 2.6957893 1.1507385
66082233676302848 3.716794392471449 0.4142051840920756 10.613593983005403 -18.63279208518788 9.17958098223252 0.028081182 0.015489315 0.023426637 14.040665 2.255168 1.0618079
64266768177592448 -2.05644612375184 -2.758574621231899 136.734273542599 -27.291626403343 22.053944381148284 0.037456796 0.02887922 0.03291031 9.12079 1.1205893 1.5616493
70121805033332480 -0.983174518174468 1.7776261563523468 29.03392277527313 -175.21446765659545 19.96298810373153 0.44402987 0.3047934 0.39948693 19.315931 1.3521099 0.95071954
70123797900185856 -0.6550686945710178 1.5980598315519887 -20.176038787880536 -9.010549171672269 5.506121869830205 0.02005306 0.015361795 0.019522598 13.432421 1.5070314 0.94261295
58485428663390592 -3.1066929195461594 -2.8270525730510143 -6.7868727784739935 -8.58966184995985 4.268947064042805 0.18319912 0.12731925 0.16446622 18.074867 2.6865444 0.96872526
63595241450992768 -0.1527660808429352 -2.316632542176676 21.3775645577714 -9.26305667838159 5.16111130086636 0.029761191 0.020503998 0.02907004 14.43278 1.8777971 1.0844642
68120487713491456 -1.5524815027893974 -0.6073667151280236 7.36288591906842 -56.07715375691009 5.431389487728351 0.15097086 0.118797354 0.115908 17.858488 3.0901585 0.9382021
53378712548438528 4.018909754499076 -1.5080053307918089 20.04682979779717 -23.42156375890226 4.735389620042093 0.09267022 0.05309168 0.07272553 16.440727 2.7649736 1.383087
70065042747491712 0.5398385840178852 2.2002490686110456 -23.56333903028111 -21.89097349311392 7.309695327187823 0.102198765 0.056768283 0.070686445 16.897526 2.8623247 0.9889399
50906288854968960 1.3695752483531425 -4.513016041216828 27.19321170003977 -28.24387067510203 6.462360273138072 0.3826404 0.21638002 0.36708915 19.050598 3.4421272 1.018664
65163797868281088 -0.2225570601252065 -0.6837111246403172 16.15513381249811 -35.83494257628211 5.95676284789145 0.018952651 0.013794754 0.015438841 11.943017 1.2685184 0.9288403
68159241201980288 -1.2839425925742882 -0.2309801076692009 -10.648884764738952 -35.613998695827 6.633179501704393 0.2903949 0.179446 0.2223134 18.58607 3.2403126 0.9403644
71806737885709312 -0.8743870014699733 4.419086078250759 -15.738815113667435 -38.658492941688166 4.350113562645254 0.025117557 0.016815718 0.019000817 11.353076 0.84606075 0.8469624
53134316024978048 3.808055313584707 -2.1877822029944585 -5.886943038203764 -4.307074191696047 4.517722951364367 0.10122495 0.051097635 0.07443955 16.497774 2.5769253 1.0118101
64942383714829568 0.6657321392052147 -0.7208722799605066 -4.100282374855087 -7.627909752986137 4.423733047506893 0.062046465 0.044592686 0.060509656 16.141949 2.3101273 0.992593
67732600627001088 -1.87332031120958 -0.9641516493086708 -21.954142143392502 -9.35984308361926 4.324642944639 0.043419283 0.028422594 0.032852024 15.16249 2.0334854 1.1391135
67305509078731520 1.5843243554708974 1.69404126740184 -2.23309298470707 -13.849469514467188 6.043794258943975 1.0917321 0.6092961 0.8014903 18.824112 2.930046 3.4055107
117678427418571392 -4.1797207814347015 2.2997799263819165 11.974859807360794 -14.360227968861135 4.4262339308784 0.019431815 0.01602494 0.016467031 13.4442835 1.3249836 0.9882696
68192093408157568 -2.033708810890716 -0.3294840986392458 20.392608814317317 -42.6436550971227 7.084015627498157 0.18130052 0.12672935 0.12157844 17.612053 3.1623878 1.0676186
53227357900894208 3.03173123066844 -2.2888941704704058 -19.37363631208868 -21.358237539032785 4.19558463440612 0.41861045 0.27819803 0.4078368 19.357367 2.766985 1.0048016
67159548912077824 2.787740245496748 1.605351088673249 42.64479248506208 -31.01181518083285 8.459718055177856 0.14155139 0.092931695 0.12712573 16.838732 3.204259 1.7700961
64319196846180608 -0.9869096901358172 -2.5844821501631348 13.05782584323437 14.971543035827366 6.157435084708364 0.021837194 0.015407026 0.01921227 11.519369 1.266923 1.0592878
53571371898158208 4.51307379972286 -1.3684663056726378 -40.70405705209582 -33.63988489907764 6.625247773224362 0.18982968 0.089554355 0.15280837 17.693842 3.0511265 1.0767316
71630330692556800 -0.261495408004135 4.3826008580369775 11.749257865108904 10.802043569393096 4.002397759584246 0.4605925 0.40153465 0.44915962 19.694445 0.2726841 1.0449364
119512829426938752 -2.1761890324059685 4.248047798792002 17.845794873846987 0.5558284512065299 15.914774919055343 0.038416743 0.023289328 0.027494155 14.245157 2.3131304 1.1064867
66887660303617408 1.277378634874298 0.9968821538872942 18.401739366429396 -45.28473751782227 7.409750575654702 0.097825006 0.076285474 0.090985686 16.868773 3.2155714 1.0254073
65256809679851904 -0.7481678936375212 -0.0505538331811212 18.04137668659456 -8.740808604380884 4.956244149984822 0.07291226 0.0541262 0.063598506 16.783543 2.676134 0.985571
65945722434985472 3.330707423470048 -0.1884408146095209 1.379683964181512 -23.833257164067376 9.422667041159304 0.018319169 0.013826432 0.018637557 12.528536 1.6388035 1.1370244
71779078296374656 -0.806161760532182 4.009292598921791 37.80853758588596 5.554943699974125 4.036685640905511 0.15419303 0.109141335 0.15058462 17.957664 2.7386398 1.0027763
66778907434324992 0.5876824982899352 0.7302663287899089 -43.67999666975806 -51.31270106562853 6.933064619280176 0.3183885 0.189016 0.25371417 18.726635 3.2743645 1.0066179
69795799837126400 -2.9256647746724784 2.9738909928247543 1.4578216944508222 -23.799781492844584 8.396622757983556 0.16814816 0.14139546 0.15112615 15.568781 2.610983 3.7482276
53063324509881472 4.189823453573728 -2.5086216721811807 14.851855876261602 -32.745409522425895 5.726995334209128 0.4655492 0.22099744 0.30560324 19.097734 3.222145 0.99173146
69990001079112320 0.6401611728638114 1.77114339357584 14.559726920594912 -38.02662340711617 6.048395671932161 0.14474511 0.1056446 0.14181103 17.706488 3.37401 1.0329525
65349782835318400 2.789717771812495 -1.410902604553696 0.3006545074167839 -29.58172845916429 4.296749660434158 0.21481827 0.11685388 0.16207983 18.167173 2.9014149 0.9680355
71865145143973120 -1.3541685661179914 4.487438561989955 19.24870798380168 -45.01053096092624 7.121533228646531 0.63868034 0.47867334 0.5441732 19.630556 3.347458 1.10445
64463920060848512 -2.370290735289479 -2.5257139868318097 22.67409968816724 11.166868439633411 4.895251927596863 0.120886005 0.08874273 0.09548268 17.228127 2.718563 0.9733803
64183342733279360 -1.633370664038369 -3.15335074854034 -32.00133794548121 -52.940708101296345 6.86989618737128 0.32939228 0.25692925 0.24773675 18.290932 1.9486046 1.0026844
67281869581448448 1.7865179531618147 1.3951314744629488 23.48089414002517 -49.78485594405534 8.199520810016935 0.0887273 0.053759474 0.06760542 15.203217 2.530219 1.8806509
69629567422587008 -3.770071499003311 2.191423826466193 16.580561872291334 35.55498676184992 5.192055530126012 0.029884107 0.023666482 0.025283283 14.5395 1.7818804 1.0082523
70443751487393664 0.5699445388192657 2.303849177943166 -26.30913388065145 -38.12026874511533 4.2066403841999165 0.1965226 0.10918439 0.14498062 17.946205 2.8422127 1.05198
65788006937922432 2.5537489054634337 0.0151517619951549 21.676524620319164 -21.652189780494663 4.25084339217569 0.53514344 0.26970744 0.38700557 19.511961 3.0148659 1.0286825
69986702544247424 0.603058562421744 1.652520630379938 -12.075984881386486 1.0536586203874907 6.46815756804738 0.055768255 0.039213624 0.05808401 15.104676 2.4125557 1.6376429
166685039355959808 2.63493590868475 3.959255038133628 46.37395854062305 -60.18784040676464 6.576554919595619 0.06590611 0.043573402 0.057319287 16.308273 2.6614723 1.0920534
51591838652056576 1.6119445053144197 -3.392880882529194 4.9693629900218 7.133705731398349 4.90580493870565 0.19044112 0.11593414 0.16574685 18.19763 3.216526 0.9647433
68222329977881216 -1.9518279991721976 0.1656003610770291 -21.3498080175589 -10.659776524435689 5.004943918287652 0.23609203 0.15756905 0.22431993 18.352365 3.085188 0.9455414
68592758021236480 -1.4187182342711648 1.084599858441792 1.5941491715175768 -15.576586252522592 5.301128326904423 0.17791387 0.11845583 0.14371857 17.891598 3.2026215 0.9656642
70457465320690816 0.5276663716185478 2.4175832101712724 38.92998129809564 -21.22709653975824 9.76057577597514 0.089949764 0.04762319 0.066881076 16.489796 2.9377508 1.0181264
68212709251160448 -2.1272430961484563 -0.052871027769855 42.0147804634712 -26.25501375230068 4.510148595267766 0.06579961 0.045713 0.056340445 16.360384 2.325901 1.0064555
163647015711395584 2.745903826382999 3.319064962874536 19.195396338905557 -43.17545698299308 7.040956929241796 0.019643454 0.012849665 0.017944574 12.728684 1.4954205 0.9848471
71390229136585216 -1.2728314052527676 3.573126480175192 11.161428847591012 -17.893291202545722 4.931318061278607 0.06779441 0.04147119 0.050246738 15.858679 2.3745308 1.0532925
67246685208463872 3.047838563244156 2.093226073768046 -14.171896121530333 -18.54672305326472 5.842349670040269 0.06543464 0.03512151 0.06310805 14.406912 2.0117264 2.2225363
117873182712331776 -3.872718845207736 3.0388970260895904 19.078522997835584 -26.92653550197386 4.310131139316763 0.12961757 0.09737809 0.111530766 17.443634 3.1111908 0.964003
63264215435825920 0.0845638645457175 -3.537114177347592 31.94063241883042 -45.11283117750994 4.606272362023288 0.09581836 0.05689661 0.070816 16.754995 2.4353876 1.0045754
70010303387697024 0.7197442524828681 1.9267708271853652 20.3860061379901 -44.998275638273896 7.402525727526368 0.17729297 0.11713224 0.14160812 17.725769 3.5320568 1.0504239
68291324333171072 -0.9148781694967836 0.4228195541661176 29.6247783476329 -69.57153691270905 5.281203558669233 0.019779801 0.015681226 0.01869584 12.95114 1.4005022 0.98479444
68536549785807232 -2.2942473818745985 1.0545365090021597 23.57515680736819 -50.1793775702124 8.311367564403337 0.7367918 0.6246372 0.63096905 15.316608 2.6818056 12.251623
57275557852801408 -2.2710017530898914 -4.114098174599311 -39.0689634262643 -19.60407762304273 7.579803990861079 0.040263653 0.031213185 0.034854945 15.341599 2.5478 0.99136066
69179523569295232 -4.453201322943009 1.14167896847121 -15.39935561034633 -82.02498810065207 9.411548977861292 0.117869176 0.11981467 0.1126448 16.171198 3.0885878 0.82642627
67918761689417856 -3.6608064347513576 -0.7176207207242236 39.523999065289885 23.40922964743598 5.05232341144874 0.044225756 0.037418056 0.039278496 15.4019985 2.087222 0.8992659
65402628113124864 1.9607912123694944 -1.2607091670180444 2.8274072825080045 -8.650953573183317 4.22700702396374 0.25432554 0.15079214 0.21281807 18.633602 3.329855 0.92783
162220094433712768 4.3537750347376845 1.198803909929506 -45.55803158260762 -28.057309645609955 7.624408820213199 0.051818725 0.02894196 0.04460665 15.488462 2.5376902 1.0745112
66705274514309632 1.513732322437375 0.9664664180548012 15.160184637055748 -33.53373281981938 5.234609695939863 0.1753899 0.13467813 0.17477515 18.245592 3.5469398 1.0018758
58491304178801920 -3.181862780006236 -2.675844568307284 28.14451597650693 -46.7499703766126 4.76196571602219 0.19600482 0.12438871 0.18414265 18.195612 2.83671 1.0293846
163582320619374208 3.2346248589401765 3.115810282852457 12.40371813855697 -20.26231470122635 4.303210895402844 0.5315431 0.308508 0.48966798 19.637476 2.9371986 1.0175171
65330511319201280 2.25607966175402 -1.629051865177277 24.770133612268097 -44.280011131262825 4.418985337993452 0.09313393 0.06529061 0.09699359 17.04687 3.276329 0.9593079
65662701270150528 1.299373310142499 -0.8184080803474872 7.15361736665973 -22.137518945557407 4.050047990180642 0.08089622 0.047325693 0.06403431 16.462715 2.5097494 1.0103027
70830886957642880 1.1374017881042051 3.633610822347877 -14.188547563472351 -21.96117818250589 4.094419359177388 0.019328559 0.013118363 0.021402223 13.454159 1.259737 1.0549335
117903144404107264 -3.451001348077888 3.2671349081497585 -16.243172423879884 4.371041621290345 4.050348855028664 0.10162668 0.086913936 0.10028302 17.046297 2.6075115 1.0794767
117906679161303936 -3.3598669966822734 3.4038394993182624 8.251093209606713 -29.142158444645677 6.107229592375292 0.6861592 0.53060395 0.6465322 19.869078 2.9654045 0.9698311
45030262494182272 -0.2122175932800693 -4.809998370207727 -10.42460311507356 27.65083917409156 6.926763121000263 0.02390071 0.015871404 0.022277854 14.263392 1.9360447 0.9593538
64091774032073088 1.1979472421956756 -1.4482033828243763 33.526085906335965 -67.56302120697399 6.613390625274535 0.17980096 0.11514641 0.15313989 18.050785 3.1356869 0.934315
64808204638390912 0.0545660967825389 -1.1944667001662057 19.92415292387568 -43.54934665259477 7.1525685788631295 0.022785291 0.017274095 0.020364206 9.306278 0.6573868 1.0373341
68688351109519360 -4.179240703038319 -0.4463388991731777 10.311679395361049 -13.397252489158523 6.362574444351381 0.07591706 0.061244726 0.07444197 16.748072 3.2968206 1.0340136
67012244416106752 2.1032091298844238 0.8496142729257883 -7.40848421373339 17.856071507266734 5.999712156301059 0.13282417 0.08659626 0.12050806 12.438614 1.3614731 8.630031
117771473590917376 -3.881084807888047 2.79367092176961 -3.1087089294504966 -22.874969541896625 4.08057818614157 0.16585648 0.12590146 0.1355627 17.681576 2.6904774 0.931457
71281686722705664 -1.8997114345619293 3.3934673202487766 -24.31001623430136 -26.64029685422012 4.640127508182105 0.04841836 0.040214 0.049531937 15.625974 2.2354698 0.99248236
63208453876312448 0.4738041277877549 -3.5909860941083527 -12.765887591560034 3.8691062506816394 7.683857000712554 0.08302605 0.05613233 0.06579963 16.322983 2.4570322 1.128596
51601111483746176 1.2729864506932986 -3.353424034432523 -12.091479055398723 -3.4243019090551607 5.181315526489968 0.32969263 0.2198104 0.29290828 18.830511 3.0167751 1.0541587
64770756820275072 -0.3312267371340522 -1.6092187519741212 30.639651616355145 34.76684314991734 4.956261894534143 0.22458509 0.17315178 0.18479468 18.397776 3.2165852 1.0185685
166947234221566848 1.4961544662002593 4.396745247014938 14.278395008953142 -15.711395294951869 8.546264639231191 1.5157847 0.8663405 1.26161 19.45074 1.417059 2.5662837
64043395520529024 0.9519554120490052 -1.8593989483605773 122.24975992331744 -111.7202425272262 11.392370726363575 0.024614949 0.015494399 0.019780599 9.443461 0.93098545 1.2600724
70622662644846336 1.6011120997285664 3.454708779282293 26.993612575150173 38.75362312099389 5.169672192663161 0.19202293 0.14271453 0.16158892 18.208193 2.771286 1.0386199
63738452841778816 0.8090432068575389 -2.449588550508932 63.30538056544652 -26.3643537193412 8.250927968166529 0.04412033 0.02622653 0.03407538 15.361427 2.33566 1.0248102
64075831113488128 1.2741995843766485 -1.610022247620105 23.86373597376416 -16.46518890568034 4.352115196911769 0.09917941 0.057491764 0.078576885 17.00778 2.7336702 1.057386
69498725538868352 -1.9910839096832185 2.107694303263002 18.056898422838483 -39.17633679435553 6.333807561798008 0.020774055 0.016703285 0.019594613 13.689861 1.7069998 1.1618
64823327219874816 -0.5601262672921731 -1.4520717307541018 -11.63782544851052 -24.44987650134834 4.6100778584006505 0.06450182 0.04329225 0.050234355 16.280432 2.2536497 0.96954674
64804841680675200 0.1116752435756898 -1.2332850037780814 18.982563936845036 -41.60050050840914 6.817244229838197 0.023557339 0.017826315 0.019931689 11.554062 1.0559464 1.0778025
53302227771307136 2.616218550846652 -1.8735882346793864 13.068886319473958 -6.215619462763824 4.466870065550697 0.12867095 0.08687501 0.12687369 17.586569 3.0906181 0.95556074
67730264164802304 -1.9754409553359136 -1.059208913351445 -24.299591134732974 -21.54562837274639 15.703717163325214 0.099249914 0.06469051 0.08040971 16.588411 3.3573656 1.0120124
66911128004710016 1.0448984996964497 1.2514768541495431 -0.6249996410761005 -17.96388896480277 5.334563170119783 0.74810374 0.49164042 0.6432315 17.5668 3.8227348 3.898304
65053915424355584 -0.9531451866756384 -0.918756181021373 19.927100246483946 -45.17265679717415 7.248243663666067 0.105095245 0.084126055 0.099340156 17.104906 3.2087088 1.0374994
65387548484734336 2.0500000937192007 -1.4052226253509337 0.0841736679331286 -15.947893377984707 5.839223881985268 0.035870366 0.023569446 0.0312994 15.249384 2.317276 1.0123723
67402472262801024 1.432516291791535 2.2100478943046182 63.41979273577333 -56.333481326241575 5.64114320263718 0.04983832 0.04398516 0.053291388 15.621159 2.1734047 1.0231972
67678239224986368 -3.1184291844842007 -1.1897405884840095 8.898821273021618 -19.90990400062062 4.249321781905848 0.2702172 0.22755416 0.24134587 18.744452 3.0963993 1.0610459
67799189799869312 -2.6205762011978675 -0.5578697346851597 20.569161817903478 -43.26375824955264 7.09486561955451 0.028796319 0.020399889 0.023244549 8.786226 0.49889278 1.1534898
63247623978022912 0.5325852223631083 -3.3676381670568003 6.603711678013176 -12.751280870371088 4.404270642260954 0.086842164 0.063297465 0.069101386 16.8654 2.4944544 0.9881429
65875422410310784 3.648779148413878 -0.4991027465534549 28.809849272732045 -4.757564348366946 6.2627060471199565 0.017667793 0.010966605 0.01702143 12.4931755 1.2570982 0.9937941
71184787964000000 -0.928290328107564 3.377524635943125 34.64053661040275 -26.68198355763883 5.888444648886836 0.09271805 0.05635618 0.06189074 12.42842 1.2246923 3.9202025
65700531341979776 1.839325569178727 -0.4974558195601648 15.042916397769025 -28.8751952498585 5.164573997256989 0.021592055 0.015106721 0.019938886 14.0873 1.6843119 0.9615752
66415557497102080 3.3000316091979296 1.5378864269501182 -19.1199293589566 -59.77504559887553 5.456105484169443 1.3907753 0.944554 1.1359094 19.87117 nan 1.7023757
65019246448775424 0.3873930190994681 -0.2298672000166948 20.181137542829056 -43.46642919787849 7.392645465941637 0.12842105 0.081522636 0.10585207 17.37894 3.1116486 1.0650707
53234955701188736 3.316118458790052 -2.270010489458078 14.319178427356128 -16.945707654014807 7.686083957965653 0.7874612 0.51867926 0.67114145 18.521801 3.0681744 3.7851186
64610739222095488 -1.4020576971458725 -1.7648292850709486 -6.207315869645489 -81.89349698016402 5.061065380668638 0.25762013 0.22205007 0.22028016 18.499409 2.7423344 1.0412902
68504114192465024 -2.2175935218432343 0.5525692862323573 15.008967831722494 -34.893390610049835 6.311283464473738 0.18413737 0.12005687 0.15498748 17.837673 3.0376892 1.0134227
64176711303430912 -1.6539636549807295 -3.315154772321267 37.29594982097005 -41.654296220468005 4.120080503722839 0.34004566 0.25422615 0.3039648 18.856619 nan 1.0690098
66339381957477504 3.9088866586527695 1.3089245970812695 13.759835447394812 -41.83846103024312 6.715572865203201 0.042444784 0.022726044 0.034461908 14.900044 2.3718796 1.0727077
57350874398948096 -2.020444897458392 -4.285484960264337 -49.71555367389089 -251.6165363123385 9.809199196737753 0.08330901 0.05814177 0.069240436 14.6766205 2.1902037 2.1571243
69333283398931200 -3.283817055783904 1.1536574640168822 43.4443841684778 -40.3067087275752 4.088082110749955 0.01948324 0.012626285 0.016020942 12.089896 0.9313288 1.0085772
53197675381677312 4.18603234141811 -1.4991359867201568 44.152428122313154 -1.0686449184553792 5.313803973191234 0.2686684 0.14828107 0.21174726 18.203676 3.5226173 1.1063938
64747632716373760 -0.2970076312576189 -1.8188400295250071 41.12917827264354 -49.14211938993874 4.982154833659529 0.024465874 0.020616569 0.019622136 13.025957 1.3425064 0.94840974
52174957772462592 3.8960499648081854 -3.149571687162163 27.32837711221338 -28.26180106739203 4.9278917989704425 0.13210727 0.07848151 0.11021339 16.563894 2.912181 1.7851199
68059842775472384 -3.1478773355911027 -0.1670785126947307 8.359267159752605 -68.5154155509634 4.085860952728397 0.11898688 0.087053664 0.11185174 17.333565 2.9397964 1.0168474
71283228615216000 -1.8528527722206969 3.4989012154276637 0.3694701808764093 1.0626683135927124 7.565277480342008 1.4476982 1.074344 1.0784 19.780214 2.2972813 2.4938989
65229734206151680 0.0045983111674273 0.0460298938263005 16.920655845873043 -48.01460687758252 7.190575194590559 0.08905836 0.06681792 0.0736292 14.781489 2.5503654 2.6216292
50894198523876736 1.1631255926401496 -4.804895424298665 3.3105503883980125 1.1101811904301495 4.16718277344479 0.017759642 0.01095171 0.015012521 10.359696 0.7313118 0.9873197
67514794246869248 1.7906350232356012 2.653579916617149 37.57163952487956 -54.023160488071774 8.301597103583102 0.049301058 0.029395418 0.038468946 14.4550085 2.307578 1.7418401
57297994761680384 -1.8060152061493984 -4.434169114048196 -17.57456390499775 -22.71529961716673 4.647479938826058 0.095271654 0.079569206 0.0869054 16.573694 2.8302908 1.376888
51500785345198848 2.802595238228895 -2.9130079433409355 13.280795405892128 -24.001621432774435 4.10488193609471 0.022281194 0.013720463 0.018525196 13.620313 1.5948982 1.1001625
58276727612641920 -3.385173848034581 -3.685941180143028 27.204226433027326 -34.34348302325788 6.899864286008729 0.28426036 0.2392571 0.3036813 18.49615 3.542469 1.0144947
62742123507434752 -4.816399579750895 -0.4370328828532487 245.60818651969976 -284.99600596263554 5.582140836900625 0.09919256 0.060401693 0.08523788 16.66138 1.8803482 1.014852
51770230116827008 2.392882419149284 -2.406209066961272 8.878085377617674 -40.04660864790132 4.387150490520467 0.17884776 0.10074202 0.13226089 17.846466 2.8239841 1.0040472
51140798366409984 1.153889984392651 -4.126388100282762 -30.028632946401714 -23.954912881489395 5.062778227776891 0.034354463 0.018743424 0.026448686 14.588998 1.907054 1.0219508
64831023801277440 -0.761553260193325 -1.4132929500752596 0.7419025889102645 -3.0370977509325323 4.931932512752034 0.12049273 0.072645955 0.08382589 16.917555 2.600893 1.025181
51259751780523520 2.2415118283249478 -4.167318284320825 -8.764957062509504 -25.159926280095476 4.185663927129408 0.026396712 0.017884001 0.022728173 14.256466 1.658103 1.0759139
53987949364625536 4.57014944803841 -0.0306560513453335 61.557418545714285 -86.51436857619011 5.685022615550741 0.5494698 0.30078962 0.5059955 19.24503 3.133482 1.0000565
66095840132473600 3.652409125769574 0.514271100395905 -0.6756605301419079 -59.562270635540095 6.252891051447872 0.06581706 0.043759856 0.06273103 16.042782 2.5327168 0.9801006
63676192995841664 1.300889424657959 -2.6551788530264 11.12476554806648 -10.54429602553822 5.542660331312033 0.09665148 0.06515311 0.08301814 17.241972 3.0479927 1.0303069
69600254270122880 -3.934100540185824 1.7178021027599002 6.934429005030633 -40.79551299121487 4.673482909569255 0.12203796 0.09756529 0.10984345 17.546337 2.8936462 0.89882976
64971795650143232 -0.0856176297071839 -0.785383492114021 -12.987858027137618 -71.7879795333369 5.635618840160852 0.024915855 0.017742632 0.019826695 13.743738 1.8304768 1.1835587
66791521754962560 0.2835073213670777 0.4924577089332238 20.831207310046967 -46.753624716355816 8.043128803711536 0.39656264 0.31321466 0.33873266 19.544844 3.6002884 1.0422273
69116748327393664 -4.1424549933209125 0.9139290945044308 -28.285090311035905 -26.81496889760038 17.487162315371464 0.02258306 0.019279169 0.019959373 14.012529 2.547326 1.2211262
162260226605718784 4.618467058584215 1.6669275417295948 14.600649079467264 -18.15909069632713 5.63715675811391 0.16483133 0.097553544 0.12866601 11.821643 1.8851786 5.3539076
70455506815538304 0.8401396171486393 2.603422711507354 9.871912501294926 -7.497968681187004 5.383321015740345 0.03583583 0.02586852 0.033542786 11.649929 0.9664564 1.8660702
71647304402380928 0.5679249426540567 4.199010395564705 50.117889344463805 -61.118094273290325 4.579175398565266 0.20034458 0.13526015 0.17356119 18.354626 3.25387 1.0177251
67737170472199552 -1.90456723617762 -0.8704982102025688 32.344364796760004 -83.6070243300141 5.964991373093704 0.053764354 0.041923463 0.045500275 14.574454 2.3314552 1.8463829
63427492912175104 -1.442821248944235 -3.2562009928012863 -16.379122463029635 -9.056486547573684 6.159947198658139 0.02108557 0.016078578 0.017097244 13.561775 1.617506 1.1561307
63781127637137152 1.681609467457644 -2.334863025933526 -23.65019556223957 -49.27153569501193 5.388097565635545 0.058241908 0.031171579 0.037967496 11.549399 nan 1.7134773
68577300435634432 -1.148443237787396 1.0051047575774754 22.259098816703336 -50.37797715110469 8.206844071640383 0.100344725 0.06395674 0.082381174 16.688622 2.9570904 0.9672041
51042593936961152 -0.1227014371519934 -4.544340801111781 -7.698712894919841 6.2855951949966125 4.037594574109799 0.3087895 0.21737589 0.25523207 18.866966 3.360426 0.9028245
65109921797830912 -1.4679439473226552 -0.8809113345907001 34.768798313200016 -9.128349345028534 4.8622542835679 0.04299893 0.030682245 0.03268031 15.117059 2.2131844 1.0132889
68042937784234880 -2.604665057808521 0.0463548407956979 37.26832548609182 10.584692017661942 7.256120820836513 0.05182332 0.03589424 0.041437346 15.573704 2.3466291 1.0620046
69918154865601408 -0.3109436988008969 1.3717090680605497 -10.019930423063458 -14.803513562253016 4.6761203793528905 0.017088067 0.01300264 0.015256773 13.010325 1.3170223 0.9339446
63407877797898496 -1.4256213578682158 -3.533529312089329 2.4344368645517047 -14.024734757917011 6.640788393708439 0.018214468 0.013201696 0.015367003 12.6612425 1.3918886 1.141422
64034629489056256 0.3147905886063549 -1.52718973316786 -0.496196753954071 -31.628804818164895 4.330027571372241 0.4971479 0.3301778 0.47859693 19.502811 2.948677 1.0426764
63942652765977472 0.8995869167181263 -2.083140824080401 -7.437301711826864 -3.5163745116753677 4.709840153730537 0.41142613 0.25083652 0.32571098 14.705599 1.6442728 13.374452
64196635655436928 -1.679269653255674 -3.078915970993492 -19.79751918626111 -39.91835829821508 4.286116643134824 0.47846854 0.30300015 0.36473188 19.323666 3.0848618 1.0402305
61502664665350272 -3.627812886695776 -2.6466166287031467 -18.51980322008916 -24.482299640547858 4.042951198546085 0.11657727 0.077697255 0.08305911 16.976278 2.5404987 0.98618543
67047330006295936 2.4418062732632424 1.193710873343282 2.5722731546603583 8.524538560843178 4.13197292798001 0.03201716 0.01615318 0.022456476 7.202653 1.2198095 0.9995886
64889126119831040 0.4549319521305354 -1.2408439572579362 20.539052849387254 -46.74773678544327 7.617353781069092 0.044744853 0.027145123 0.03413077 15.062484 2.4895353 1.1173615
63553700527386496 -0.5066555208254322 -2.7867491589954967 -6.065317171069299 -36.43502007725567 8.142101138263376 0.08887897 0.06288905 0.075756416 16.852802 2.942194 1.0154973
69552670328288000 -3.5063417077250856 1.676532960351346 53.37153780195481 -42.142280734915865 4.614645672197802 0.04412521 0.036955316 0.039423987 15.510045 2.28819 1.0826741
71828174065756160 -0.5232003556551222 4.629725101915566 16.260876707257417 -19.607476060538897 4.459389914352853 0.12325166 0.087079674 0.1221489 17.554905 2.7823772 1.0220245
71642910651550080 0.3313587152726389 4.113105939220655 11.696796160962798 -32.50931564933084 4.21310055317606 0.06276868 0.041874077 0.05990287 16.238483 2.1832952 1.011744
70281165501267968 -0.1775522121418856 2.3876789660910887 14.517413854653434 -4.138358473315753 4.177143769487803 0.019034598 0.01411027 0.019540478 9.968751 0.57960033 0.87121475
70989697666249984 -1.4691536999053592 2.495383935494744 13.975308281842208 -27.9622416546496 5.484751541239926 0.17450827 0.11676246 0.15050367 17.616924 2.6929855 1.0931412
71873911174064000 -1.2070463964105718 4.6430547927104335 28.711319171523563 -16.210235877836535 5.060504591076934 0.058790967 0.041101143 0.04493906 15.631268 2.2370958 1.1079842
64692549759763584 -2.18144079329657 -1.4157433612683383 -15.16042894278702 -45.18031256019811 5.58591186082418 0.56360626 0.38809824 0.3694268 19.339497 2.9482536 1.0497293
53820338266052480 4.211311990783883 -0.7234831265732277 -0.1656367946604208 -2.101854203723504 8.403629086740674 0.2180362 0.13886148 0.19699542 18.363657 3.3866959 0.9938951
119539664381475584 -1.960804929346225 4.453748678575826 14.639487465077307 -49.57591445694828 4.143020002726071 0.12260493 0.10636507 0.11417004 17.613047 2.9829102 0.9901034
65806217599738624 2.173464430815523 -0.1460581236855962 14.895338496592894 30.206063509519787 4.082806587296735 0.6300095 0.33175206 0.5129164 19.828047 2.6046314 0.98394877
71004094396681856 -1.9041689259307453 2.314239194091108 5.176897601239766 -11.937242438128829 5.060633712219701 0.080866285 0.058992412 0.08975826 16.810493 2.6274395 0.94472927
66808220587759104 0.0168343232061324 0.6449299512409348 20.4865665870412 -46.516538720071175 7.300009059416653 0.035791375 0.027392542 0.030375024 13.698108 1.8476305 1.0965658
117858094490806528 -3.354921407382922 3.2974947896389453 66.79531589243433 -58.05584795454179 6.64477394415483 0.1214762 0.095094174 0.13285875 17.296324 2.8255901 0.9659282
69544492710579840 -3.597347456403384 1.5223645938745134 24.96796459803032 -50.77922973125988 4.664809728049083 0.27935866 0.22847463 0.2581009 18.826376 2.8961926 0.9884314
69927191475070080 -0.1545945222865345 1.5595347811052984 -95.36310634385482 -41.318583941565215 37.8948338405307 0.3701018 0.21486089 0.26374385 18.76321 3.6297073 0.93671083
65021720349544192 -0.9200155260428632 -1.345318797368101 84.59622689493008 -33.448612629766174 7.680121346412179 0.036614407 0.022306101 0.023332115 14.421378 2.1709862 1.0357981
68306099020642432 -0.5454081061881423 0.4440989726663856 20.53463871701449 -46.18983462732439 7.412449484379191 0.031506263 0.022334551 0.027752403 8.041619 0.2723384 0.94553983
57137839725266688 -0.9607307855177925 -4.106747411316577 -12.297531420747722 13.86432059406683 4.145329727446169 0.23060754 0.15208434 0.212039 16.732744 2.379922 2.885572
57051532358523648 -0.844643410199039 -4.793898653544489 -2.284264067175572 -14.74507767208769 7.567433138720554 0.050075226 0.036430158 0.037741177 15.366368 2.347866 1.0181187
66850169531886976 0.3166535944134901 1.1333926102687235 3.659757226984044 -38.93547124373141 4.420423747256288 0.29260835 0.19518937 0.21143414 18.248608 2.9535007 1.0551728
66111886127026944 4.176748507904123 0.6446341508428204 17.321147801043338 -44.10268794905482 7.205495297457718 0.10126999 0.06316392 0.08732671 16.49185 3.3145933 1.0369165
69960486063896832 0.4470402719365834 1.4922465199005808 -34.0963749907221 -23.09577690440577 8.388508137607438 0.09605853 0.06430179 0.08286964 16.978983 3.029951 0.9807009
65561473183104640 3.112532457092919 -0.392332105972472 18.238053772145097 -44.87531613366752 7.365650912464818 0.14910848 0.07874906 0.1063152 17.376736 3.2324677 1.0405189
65421014869982848 2.334546121641805 -1.1638627345355494 24.71538536932538 -23.13312596753592 8.065602840158192 0.106336616 0.056422684 0.08279162 16.582624 3.1069899 1.1139228
66213625314751744 3.1417993736225296 0.7401054599640181 13.853529193295186 -48.19414327031413 6.116449112983086 0.08153505 0.043210633 0.06035908 16.338753 2.6132965 0.9929658
53231588446399104 2.843049339728369 -2.1708042298914765 14.411824925422245 -13.971308778424678 4.263885192575061 0.08301573 0.053094905 0.09761056 16.958473 2.5629568 1.0187182
162226519704750592 4.488274482360189 1.298636000830275 4.193753373345578 -8.405920803326122 5.11317035852221 0.6311933 0.29987317 0.5121757 16.949787 1.0176601 6.0185924
71185342016542592 -0.8855077088816988 3.433007498768485 16.964724479264262 -37.62036851285539 5.914587545037095 0.18155417 0.119386904 0.14081557 17.53751 3.1778202 1.0370189
64778242947790976 0.0392726920099492 -1.5814928532150592 0.5349981613137857 -4.1899206879957696 4.550096820350121 0.054198775 0.039220233 0.0511419 16.076876 2.4218626 1.0329239
